380.8	0.03143612828
381.7	0.03151835745
382.5	0.03151835745
383.4	0.03181082204
384.3	0.03181336521
385.1	0.03119028848
386	0.03163449556
386.8	0.03209057077
387.7	0.03292133974
388.6	0.03291710112
389.4	0.0326992362
390.3	0.03257292541
391.2	0.03231521748
392	0.03296796453
392.9	0.03395641006
393.8	0.0342361588
394.6	0.03410476166
395.5	0.03384451057
396.4	0.03400727347
397.2	0.0338419674
398.1	0.03413951832
398.9	0.03401320753
399.8	0.03424887465
400.7	0.03388011495
401.5	0.03386994227
402.4	0.03383772878
403.3	0.03401744615
404.1	0.03453031883
405	0.0349126421
405.9	0.03477107229
406.7	0.03468290905
407.6	0.03408950264
408.4	0.03415477735
409.3	0.03388520129
410.2	0.03425904733
411	0.03454049151
411.9	0.03465832507
412.8	0.03519239083
413.6	0.03515339556
414.5	0.03560947077
415.4	0.03576545188
416.2	0.03605283012
417.1	0.03618846587
418	0.0361062367
418.8	0.03661826166
419.7	0.03688868544
420.5	0.03685223333
421.4	0.03709298678
422.3	0.03761179353
423.1	0.03820096132
424	0.03806193467
424.9	0.03779405407
425.7	0.03759060044
426.6	0.03762111849
427.5	0.03781524715
428.3	0.03800683265
429.2	0.03833151073
430	0.03858328459
430.9	0.0393504743
431.8	0.03925722472
432.6	0.03939625137
433.5	0.03920720904
434.4	0.03952171444
435.2	0.03986419471
436.1	0.04022023855
437	0.04011851174
437.8	0.04040080364
438.7	0.04079753821
439.6	0.04143078762
440.4	0.04070513636
441.3	0.04026855879
442.1	0.04083144715
443	0.04178174512
443.9	0.04239295372
444.7	0.04172070904
445.6	0.04211235726
446.5	0.04205895069
447.3	0.04281512
448.2	0.04288887193
449.1	0.04301518273
449.9	0.04322457042
450.8	0.04344667396
451.6	0.04414180718
452.5	0.04486830616
453.4	0.0452133296
454.2	0.04535998576
455.1	0.04510990734
456	0.0450395463
456.8	0.04566770937
457.7	0.04633147682
458.6	0.0469816807
459.4	0.04709103702
460.3	0.04726058171
461.2	0.04754626451
462	0.04723769318
462.9	0.0473580699
463.7	0.04715800717
464.6	0.0483126065
465.5	0.04836177445
466.3	0.04920441155
467.2	0.0495316328
468.1	0.04997075354
468.9	0.04992243331
469.8	0.04985800632
470.7	0.05143222875
471.5	0.05213244831
472.4	0.05277926129
473.2	0.052804693
474.1	0.05332604291
475	0.05400676483
475.8	0.05468579131
476.7	0.05514271424
477.6	0.0556547392
478.4	0.0555860736
479.3	0.05601078304
480.2	0.05623542975
481	0.05708823953
481.9	0.05777828641
482.8	0.05851156719
483.6	0.05866161424
484.5	0.05845137882
485.3	0.0583530429
486.2	0.05877436145
487.1	0.06006883514
487.9	0.06050795588
488.8	0.06042826988
489.7	0.06077668421
490.5	0.06164390529
491.4	0.06276968202
492.3	0.06321134593
493.1	0.06312148725
494	0.06330120462
494.8	0.06383442266
495.7	0.06478980697
496.6	0.06559344879
497.4	0.06654035587
498.3	0.06727448437
499.2	0.06719310292
500	0.06721429601
500.9	0.06803997864
501.8	0.06941922467
502.6	0.07123504828
503.5	0.07192000882
504.4	0.07326025957
505.2	0.07281350932
506.1	0.07383077745
506.9	0.07371887795
507.8	0.07477853225
508.7	0.07488704085
509.5	0.07555674237
510.4	0.07641294304
511.3	0.07719030543
512.1	0.07828556412
512.9	0.07909090138
513.7	0.08080838907
514.5	0.08173834168
515.3	0.0823826115
516.1	0.08211388317
516.9	0.08169171689
517.7	0.08191805905
518.5	0.08254791757
519.3	0.08460788552
520.1	0.08536320711
520.9	0.08522587591
521.6	0.08480031874
522.4	0.08519535787
523.2	0.08635250036
524	0.08637623662
524.8	0.08705526309
525.6	0.08725278265
526.4	0.0880827039
527.2	0.0881912125
528	0.08773005095
528.8	0.08775972127
529.6	0.08830735061
530.4	0.09001636106
531.1	0.09087340946
531.9	0.09163296966
532.7	0.09248154082
533.5	0.09410238804
534.3	0.09480345532
535.1	0.0959021049
535.9	0.09704737926
536.7	0.09845714334
537.5	0.09948712732
538.3	0.1009681002
539.1	0.101771742
539.9	0.1023058078
540.6	0.1020650543
541.4	0.1028670007
542.2	0.103558743
543	0.1042072514
543.8	0.1044853047
544.6	0.1051778948
545.4	0.1062417877
546.2	0.1067843307
547	0.1066181769
547.8	0.1070191501
548.6	0.1081720539
549.4	0.1092401855
550.1	0.109790358
550.9	0.1097818808
551.7	0.1104651459
552.5	0.1111840153
553.3	0.112129227
554.1	0.1131710791
554.9	0.1146071226
555.7	0.1149809686
556.5	0.1156955995
557.3	0.1148037944
558.1	0.1160660546
558.9	0.1162830718
559.6	0.1179793664
560.4	0.1179174826
561.2	0.1183922077
562	0.1171765723
562.8	0.1165136526
563.6	0.1162135585
564.4	0.1163847986
565.2	0.1170375457
566	0.1161601519
566.8	0.1164458347
567.6	0.1163458033
568.3	0.1171892882
569.1	0.1165272162
569.9	0.1165077185
570.7	0.1178208421
571.5	0.1188016581
572.3	0.1192339971
573.1	0.1189203394
573.9	0.1189008418
574.7	0.1201580156
575.5	0.1208387376
576.3	0.1226579521
577.1	0.124567873
577.8	0.1257597721
578.6	0.1263006197
579.4	0.1257555335
580.2	0.1266710748
581	0.1268762239
581.8	0.1277315769
582.6	0.128460619
583.4	0.1305239779
584.2	0.131332706
585	0.1320871799
585.8	0.1325101939
586.6	0.133134966
587.3	0.1334715123
588.1	0.134094589
588.9	0.1343378856
589.6	0.1341386706
590.3	0.133910633
591.1	0.1346184821
591.8	0.1355594551
592.6	0.1363419038
593.3	0.1365207735
594	0.136797979
594.8	0.1370904436
595.5	0.1372515111
596.3	0.1367259225
597	0.136752202
597.7	0.1373871468
598.5	0.1382162203
599.2	0.1384493443
600	0.1384798623
600.7	0.1380195485
601.5	0.1364860168
602.2	0.1355374143
602.9	0.135244102
603.7	0.1367115112
604.4	0.1369293762
605.2	0.1363876809
605.9	0.1355128303
606.6	0.1349575714
607.4	0.1352474929
608.1	0.134827022
608.9	0.1341615591
609.6	0.132834872
610.3	0.1323423446
611.1	0.1321761908
611.8	0.1320295347
612.6	0.1307664268
613.3	0.1298534286
614	0.129505862
614.8	0.1296643863
615.5	0.1288666785
616.3	0.1285038529
617	0.1278807762
617.7	0.1285174165
618.5	0.129475344
619.2	0.130103507
620	0.1309147784
620.7	0.131332706
621.4	0.1317667404
622.2	0.1323169129
622.9	0.1333197698
623.7	0.1351966295
624.4	0.1360392666
625.2	0.1369090308
625.9	0.1384468011
626.6	0.1397768792
627.4	0.1413748379
628.1	0.1422751202
628.9	0.1429889033
629.6	0.1423734561
630.3	0.1418724515
631.1	0.1426523571
631.8	0.1446334868
632.6	0.147722591
633.3	0.1490077397
634	0.1504632809
634.8	0.1492408637
635.5	0.150122496
636.3	0.1497986657
637	0.1512313183
637.7	0.1521833117
638.5	0.1528106271
639.2	0.1530293397
640	0.1527580682
640.7	0.1538482406
641.4	0.1562099981
642.2	0.1590905623
642.9	0.1602943296
643.7	0.1612717547
644.4	0.1616074532
645.1	0.1627061028
645.9	0.1636767461
646.6	0.164716055
647.4	0.1658240296
648.1	0.1664894925
648.8	0.1673228046
649.6	0.1680586286
650.3	0.1675932284
651.1	0.1684112815
651.8	0.1685062265
652.6	0.1689241542
653.3	0.1670252537
654	0.1663394454
654.8	0.1662300891
655.5	0.1664131974
656.3	0.1665386604
657	0.1657231505
657.7	0.1653425227
658.5	0.1644091791
659.2	0.1634207336
660	0.1618210795
660.7	0.1594321948
661.4	0.1588074227
662.2	0.1586260099
662.9	0.1586667006
663.7	0.1589184744
664.4	0.1602112527
665.1	0.1614082382
665.9	0.1615769351
666.6	0.1607817706
667.4	0.1609258835
668.1	0.1609555539
668.9	0.1613539839
669.6	0.1612141095
670.4	0.1613234658
671.1	0.1621483007
671.9	0.1625899647
672.6	0.1633647839
673.4	0.1634665107
674.1	0.1644744539
674.9	0.1649271382
675.6	0.1644430881
676.4	0.1632088028
677.1	0.1615472648
677.9	0.1608283953
678.6	0.1605325399
679.4	0.1608343294
680.1	0.1607707502
680.9	0.1601383485
681.6	0.1579393539
682.4	0.1564905945
683.1	0.1562210185
683.9	0.1553164975
684.6	0.1538423065
685.4	0.1527690886
686.1	0.1518815222
686.9	0.1513906903
687.6	0.1506175665
688.4	0.1505438146
689.1	0.1505446623
689.9	0.14895179
690.6	0.1495782576
691.4	0.1480989802
692.1	0.1474055424
692.9	0.1466603935
693.6	0.147648839
694.4	0.1481769707
695.1	0.1471597026
695.9	0.147155464
696.6	0.1488085247
697.4	0.1484965625
698.1	0.1479404559
698.9	0.1464738944
699.6	0.1469104719
700.4	0.1458855743
701.1	0.1455558099
701.9	0.1449980079
702.6	0.1448004883
703.4	0.1436789502
704.1	0.1424285581
704.9	0.1409450421
705.6	0.139639548
706.4	0.1382967541
707.1	0.1360825004
707.9	0.1339792986
708.7	0.1318481219
709.5	0.1310978866
710.3	0.1281995202
711.1	0.1262065224
711.8	0.1231996473
712.6	0.1216330544
713.4	0.1180412502
714.2	0.1149385824
715	0.1118053966
715.8	0.1095428228
716.5	0.1065885066
717.3	0.1035324636
718.1	0.1003424803
718.9	0.09733306206
719.7	0.09431940524
720.5	0.09186355044
721.2	0.08972559192
722	0.08744860677
722.8	0.08499783831
723.6	0.08202911082
724.4	0.07990641133
725.2	0.07784050931
725.9	0.07618151454
726.7	0.07441316345
727.5	0.07221925519
728.3	0.07140544069
729.1	0.06973966413
729.9	0.06971423243
730.6	0.06820528471
731.4	0.06769071658
732.2	0.06654798539
733	0.0658358977
733.8	0.06555360579
734.6	0.06509413969
735.4	0.06549680832
736.1	0.06550359011
736.9	0.06513652586
737.7	0.06474063901
738.5	0.06445156532
739.3	0.06510939871
740.1	0.06621313463
740.8	0.06742707459
741.6	0.06876647762
742.4	0.06996600629
743.2	0.07111891017
744	0.07265328959
744.8	0.07363664878
745.5	0.07512440341
746.3	0.07676813916
747.1	0.07810076041
747.9	0.0799123454
748.7	0.08123648941
749.5	0.08300907912
750.2	0.08481473004
751	0.08719428973
751.8	0.08926273493
752.6	0.09153463374
753.4	0.09302408382
754.2	0.09569865127
754.9	0.09713045616
755.7	0.0992692624
756.5	0.100407755
757.3	0.101428414
758.1	0.1022362944
758.9	0.1033968278
759.6	0.1046404381
760.4	0.1039758229
761.2	0.1040885701
762	0.1043530599
762.8	0.1062629808
763.6	0.1058509872
764.3	0.1055034206
765.1	0.1044429185
765.9	0.1039003755
766.7	0.1036036723
767.5	0.1032764511
768.3	0.104076702
769	0.1038461212
769.8	0.1030874088
770.6	0.1025160432
771.4	0.1019658707
772.2	0.1018285395
773	0.1011749447
773.7	0.1005069386
774.5	0.09974737842
775.3	0.09873604435
776.1	0.09788747319
776.9	0.09840797538
777.7	0.09755686105
778.4	0.09664216746
779.2	0.09498062952
780	0.09503149293
780.8	0.09414986055
781.6	0.09331570069
782.4	0.09184998686
783.2	0.0916126243
783.9	0.09134474369
784.7	0.09030119614
785.5	0.08860744471
786.3	0.0869577749
787.1	0.08570483965
787.9	0.08494443173
788.6	0.0837644007
789.4	0.08262336495
790.2	0.0817137577
791	0.07999118368
791.8	0.07817705552
792.6	0.07708349228
793.3	0.07653925383
794.1	0.07604164018
794.9	0.07467002365
795.7	0.07384095013
796.5	0.0728092707
797.3	0.07199291303
798	0.0708705272
798.8	0.06991599061
799.6	0.06927511169
800.4	0.06813238049
801.2	0.06798402889
802	0.06753049685
802.7	0.06698456296
803.5	0.06614446903
804.3	0.06486355891
805.1	0.06409976009
805.9	0.06355721709
806.7	0.06323592991
807.4	0.06361062367
808.2	0.06260437595
809	0.06212117359
809.8	0.06118613464
810.6	0.06184735892
811.4	0.06149809686
812.1	0.06067410968
812.9	0.05982299535
813.7	0.05991200631
814.5	0.0600128854
815.3	0.05983740664
816.1	0.05915244611
816.8	0.0589930741
817.6	0.05824283886
818.4	0.05828607275
819.2	0.05747480142
820	0.0580131058
820.8	0.05762823936
821.5	0.05800547629
822.3	0.05764604156
823.1	0.05733407933
823.9	0.05621677984
824.7	0.05552927613
825.5	0.05517068911
826.2	0.05567423684
827	0.05561404847
827.8	0.05547078321
828.6	0.05473919788
829.4	0.05407966905
830.2	0.05336249502
831	0.0536727618
831.7	0.05327263634
832.6	0.0533616473
833.4	0.05228419081
834.3	0.05206039182
835.1	0.05182387698
836	0.05179759755
836.9	0.05214431644
837.7	0.05204089418
838.6	0.05217652993
839.4	0.05139747209
840.3	0.04994956046
841.1	0.04861015742
842	0.04788196299
842.9	0.04733772454
843.7	0.04724193179
844.6	0.04649084883
845.4	0.04612293685
846.3	0.04557615524
847.1	0.04567194798
848	0.04537439706
848.9	0.04546679891
849.7	0.04493527632
850.6	0.0442655748
851.4	0.04317879335
852.3	0.04273967261
853.1	0.04251333045
854	0.04242347177
854.9	0.04180378593
855.7	0.04146469656
856.6	0.04145452388
857.4	0.04099675322
858.3	0.0405728915
859.1	0.03977094513
860	0.03913939117
860.9	0.03873333164
861.7	0.03873333164
862.6	0.03866890466
863.4	0.03861210719
864.3	0.03781948577
865.1	0.03753380297
866	0.03702262574
866.9	0.0368691878
867.7	0.03642413299
868.6	0.03608589134
869.4	0.03596466689
870.3	0.03589939218
871.1	0.0357518883
872	0.03501691208
872.9	0.03491348982
873.7	0.03480582895
874.6	0.0346159389
875.4	0.03425226554
876.3	0.03409119809
877.1	0.03423022473
878	0.03440146487
878.9	0.03468714766
879.7	0.03449047583
880.6	0.03416664547
881.4	0.0337987335
882.3	0.03384705374
883.1	0.03375126099
884	0.03332231293
884.9	0.03276281546
885.7	0.03270432254
886.6	0.03243559421
887.4	0.03272212473
888.3	0.03190068072
889.1	0.03204733688
890	0.03169129303
890.9	0.03224146554
891.7	0.03196256453
892.6	0.03217025678
893.4	0.03196002136
894.3	0.03191678747
895.1	0.03136661496
896	0.03218042946
896.9	0.03247289404
897.7	0.03294592372
898.6	0.03204564143
899.4	0.0320227529